#--------------+
#  QUICK SORT  |
#--------------+
#
#+--------+-----------------------------+
#|        |           aleatoire           |
#| Taille | Opérations     Comparaisons |
#+ -------+--------------+--------------+
       1              0               1  
       2              1               4  
       3              2               9  
       4              3              15  
       5              5              12  
       6              5              21  
       7              6              20  
       8              7              25  
       9              8              35  
      10             11              37  
      11              9              42  
      12             11              40  
      13             15              39  
      14             16              64  
      15             13              62  
      16             16              73  
      17             16              73  
      18             19             118  
      19             21              95  
      20             22              88  
      21             25             106  
      22             27             105  
      23             27             121  
      24             30             111  
      25             29             122  
      26             31             125  
      27             32             112  
      28             37             135  
      29             35             168  
      30             34             143  
      31             38             159  
      32             44             164  
      33             47             171  
      34             47             209  
      35             44             176  
      36             42             229  
      37             46             238  
      38             53             205  
      39             48             215  
      40             50             230  
      41             57             247  
      42             55             261  
      43             64             258  
      44             64             279  
      45             61             323  
      46             61             322  
      47             64             369  
      48             68             325  
      49             67             293  
      50             76             279  
      51             74             327  
      52             79             299  
      53             74             327  
      54             73             322  
      55             79             404  
      56             88             327  
      57             79             366  
      58             84             357  
      59             86             433  
      60             86             366  
      61             93             392  
      62            100             371  
      63             96             401  
      64            104             385  
      65             97             496  
      66            100             423  
      67             96             458  
      68            100             464  
      69            106             485  
      70            104             473  
      71            116             425  
      72            107             573  
      73            112             526  
      74            107             518  
      75            122             462  
      76            122             495  
      77            126             476  
      78            123             502  
      79            132             464  
      80            127             538  
      81            129             589  
      82            126             624  
      83            138             533  
      84            125             565  
      85            132             692  
      86            142             563  
      87            140             548  
      88            133             605  
      89            146             578  
      90            142             598  
      91            146             711  
      92            150             661  
      93            154             635  
      94            155             652  
      95            166             681  
      96            154             740  
      97            162             733  
      98            164             707  
      99            159             708  
     100            169             740  
     101            168             838  
     102            163             774  
     103            169             829  
     104            176             727  
     105            180             697  
     106            172             723  
     107            178             723  
     108            179             730  
     109            180             758  
     110            190             811  
     111            183             777  
     112            183             938  
     113            191             855  
     114            195             729  
     115            199             812  
     116            203             834  
     117            198             804  
     118            193             855  
     119            208             872  
     120            205             870  
     121            202             870  
     122            197             950  
     123            208             970  
     124            206            1026  
     125            213             883  
     126            222             865  
     127            216            1075  
     128            214            1024  
     129            217            1005  
     130            220             996  
     131            218            1035  
     132            227            1023  
     133            221            1085  
     134            245             960  
     135            231            1141  
     136            237             913  
     137            236            1048  
     138            236             986  
     139            247             945  
     140            249            1067  
     141            250             993  
     142            252            1038  
     143            265            1161  
     144            250            1176  
     145            254            1147  
     146            250            1090  
     147            256            1109  
     148            258            1199  
     149            263            1195  
     150            266            1214  
     151            261            1135  
     152            266            1071  
     153            271            1267  
     154            275            1117  
     155            271            1205  
     156            284            1095  
     157            284            1261  
     158            280            1285  
     159            273            1291  
     160            287            1223  
     161            283            1192  
     162            303            1229  
     163            288            1451  
     164            291            1304  
     165            301            1181  
     166            284            1434  
     167            296            1353  
     168            294            1434  
     169            304            1579  
     170            305            1353  
     171            293            1379  
     172            319            1310  
     173            314            1313  
     174            313            1534  
     175            322            1557  
     176            322            1332  
     177            324            1431  
     178            312            1503  
     179            310            1944  
     180            321            1556  
     181            342            1506  
     182            336            1344  
     183            321            1583  
     184            338            1484  
     185            335            1521  
     186            340            1424  
     187            331            1537  
     188            348            1548  
     189            343            1612  
     190            364            1404  
     191            358            1535  
     192            357            1657  
     193            363            1495  
     194            365            1529  
     195            347            1664  
     196            358            1544  
     197            369            1551  
     198            357            1658  
     199            370            1734  
     200            366            1693  
     201            371            1645  
     202            379            1708  
     203            403            1530  
     204            390            1609  
     205            381            1688  
     206            392            1573  
     207            373            1859  
     208            383            1757  
     209            413            1609  
     210            383            1791  
     211            399            1827  
     212            383            1764  
     213            401            2017  
     214            411            1829  
     215            411            1620  
     216            401            1875  
     217            390            2128  
     218            396            1827  
     219            406            1792  
     220            399            2035  
     221            430            1721  
     222            409            1941  
     223            419            1999  
     224            417            1978  
     225            446            1843  
     226            413            1984  
     227            430            1885  
     228            412            2221  
     229            443            2024  
     230            445            2242  
     231            420            2219  
     232            450            1885  
     233            436            2128  
     234            438            1950  
     235            450            2090  
     236            463            1977  
     237            456            2027  
     238            440            2239  
     239            452            2029  
     240            460            2136  
     241            451            2410  
     242            483            1898  
     243            459            2148  
     244            478            2008  
     245            472            2012  
     246            458            2181  
     247            478            2182  
     248            483            1904  
     249            472            2268  
     250            472            2103  
     251            503            1964  
     252            473            2247  
     253            478            2258  
     254            493            2235  
     255            485            2419  
     256            478            2405  
     257            505            2253  
     258            488            2274  
     259            506            2371  
     260            512            2264  
     261            495            2229  
     262            509            2383  
     263            513            2320  
     264            514            2162  
     265            526            2181  
     266            514            2178  
     267            530            2335  
     268            527            2345  
     269            525            2580  
     270            519            2204  
     271            521            2523  
     272            548            2248  
     273            521            2386  
     274            553            2290  
     275            522            2873  
     276            539            2430  
     277            541            2458  
     278            539            2679  
     279            557            2378  
     280            548            2758  
     281            562            2425  
     282            580            2239  
     283            543            2669  
     284            540            2658  
     285            554            2507  
     286            552            2649  
     287            579            2820  
     288            568            2419  
     289            560            2523  
     290            551            2613  
     291            579            2422  
     292            583            2404  
     293            565            2677  
     294            594            2743  
     295            564            2737  
     296            602            2450  
     297            588            2672  
     298            610            2542  
     299            595            2818  
     300            596            2754  
     301            613            2546  
     302            613            2632  
     303            599            2860  
     304            600            2948  
     305            602            2936  
     306            606            2744  
     307            607            2801  
     308            576            3076  
     309            614            2910  
     310            618            2812  
     311            641            2914  
     312            618            2822  
     313            623            2625  
     314            635            2913  
     315            614            3444  
     316            650            2687  
     317            642            3110  
     318            613            3028  
     319            646            2874  
     320            608            3228  
     321            653            2881  
     322            658            3036  
     323            635            3286  
     324            672            2633  
     325            628            3136  
     326            676            2815  
     327            663            3008  
     328            657            2958  
     329            659            3219  
     330            686            2950  
     331            677            3057  
     332            655            3188  
     333            664            3195  
     334            670            2964  
     335            692            3543  
     336            688            2989  
     337            676            3395  
     338            679            3201  
     339            695            2959  
     340            701            3151  
     341            705            2999  
     342            689            3152  
     343            700            3667  
     344            712            3249  
     345            717            3008  
     346            705            3082  
     347            723            3029  
     348            714            3129  
     349            707            3199  
     350            715            3210  
     351            735            3173  
     352            701            3557  
     353            718            3048  
     354            702            3369  
     355            709            3340  
     356            725            3173  
     357            735            3122  
     358            703            3887  
     359            736            3283  
     360            739            3759  
     361            730            3514  
     362            736            3680  
     363            744            3299  
     364            753            3218  
     365            748            3518  
     366            759            3231  
     367            730            3403  
     368            753            3502  
     369            730            3596  
     370            767            3362  
     371            732            3849  
     372            776            3404  
     373            764            3564  
     374            779            3285  
     375            776            3617  
     376            790            3587  
     377            755            4027  
     378            757            3823  
     379            784            3664  
     380            769            3614  
     381            797            3579  
     382            790            3621  
     383            795            3441  
     384            813            3529  
     385            803            3710  
     386            814            3471  
     387            817            3582  
     388            824            3476  
     389            829            3418  
     390            814            3488  
     391            779            4013  
     392            823            3595  
     393            808            3963  
     394            823            3636  
     395            843            3533  
     396            824            3744  
     397            811            4101  
     398            841            3895  
     399            826            3837  
     400            848            3527  
     401            846            3677  
     402            828            4232  
     403            836            3816  
     404            823            3929  
     405            872            3372  
     406            869            3765  
     407            855            3969  
     408            869            3692  
     409            873            3624  
     410            863            3942  
     411            869            3742  
     412            868            3641  
     413            877            3642  
     414            879            3708  
     415            860            4367  
     416            913            3711  
     417            882            3939  
     418            842            4889  
     419            869            4093  
     420            894            4027  
     421            896            4252  
     422            877            4348  
     423            897            3873  
     424            892            4121  
     425            898            4073  
     426            912            4170  
     427            897            4142  
     428            904            3857  
     429            901            4123  
     430            897            4131  
     431            906            4088  
     432            910            3851  
     433            921            4054  
     434            917            4381  
     435            928            3822  
     436            938            3911  
     437            939            3914  
     438            924            3924  
     439            941            4361  
     440            929            3976  
     441            894            5267  
     442            930            4292  
     443            922            4131  
     444            959            4071  
     445            919            4391  
     446            920            4060  
     447            950            4477  
     448            975            4193  
     449            974            4147  
     450            962            4232  
     451            942            4453  
     452            933            5018  
     453            976            4148  
     454            964            4484  
     455            946            4723  
     456            967            4295  
     457            964            4597  
     458            946            4933  
     459            978            4379  
     460            983            4203  
     461            981            4787  
     462           1000            4187  
     463           1001            4301  
     464           1012            4374  
     465           1025            3950  
     466            980            4371  
     467           1015            4325  
     468           1006            4555  
     469           1046            4109  
     470           1004            4467  
     471           1018            5105  
     472           1035            4662  
     473            989            4972  
     474           1008            4904  
     475           1023            4434  
     476           1003            4611  
     477           1037            4389  
     478           1046            4528  
     479            996            5442  
     480           1005            5188  
     481           1024            4849  
     482           1046            4543  
     483           1055            4632  
     484           1038            4420  
     485           1061            4835  
     486           1034            4926  
     487           1033            4650  
     488           1065            4679  
     489           1075            4477  
     490           1063            5012  
     491           1034            4630  
     492           1088            4836  
     493           1085            4479  
     494           1066            4737  
     495           1030            5477  
     496           1059            4460  
     497           1069            4527  
     498           1082            4437  
     499           1067            5191  
     500           1063            4775  
     501           1042            5272  
     502           1103            4598  
     503           1117            4623  
     504           1069            5246  
     505           1102            4849  
     506           1079            5066  
     507           1066            5752  
     508           1064            5407  
     509           1064            5133  
     510           1098            4841  
     511           1077            5366  
     512           1072            5478  
#+ -------+--------------+--------------+--------------+--------------+--------------+--------------+
